version https://git-lfs.github.com/spec/v1
oid sha256:9a8f42f63ba7304d0c5831b91382d6fa5ff682bca661ff5b2753baf9c5a7535b
size 120074
